<?xml version="1.0" encoding="UTF-8"?
<document version="1.5.0">
  <chunk label="Chunk 1" enabled="true">
    <sensors next_id="5">
      <sensor id="0" label="RedEdge, Blue (5.5mm)" type="frame">
        <resolution width="1280" height="960"/>
        <property name="pixel_width" value="0.0037500001430511528"/>
        <property name="pixel_height" value="0.0037500001430511528"/>
        <property name="focal_length" value="5.5"/>
        <property name="normalize_sensitivity" value="true"/>
        <property name="layer_index" value="0"/>
        <bands>
          <band label="Blue"/>
        </bands>
        <data_type>uint16</data_type>
        <calibration type="frame" class="initial">
          <resolution width="1280" height="960"/>
          <f>1445.6229713675848</f>
          <cx>22.159974740600585</cx>
          <cy>8.5546480297851275</cy>
          <k1>-0.10046683271316749</k1>
          <k2>0.17011759464825793</k2>
          <k3>-0.082930114761880461</k3>
          <p1>1.4408904224304124e-05</p1>
          <p2>0.00060655005600565787</p2>
        </calibration>
        <calibration type="frame" class="adjusted">
          <resolution width="1280" height="960"/>
          <f>1446.605708578702</f>
          <cx>21.370180054158482</cx>
          <cy>12.420605219947914</cy>
          <k1>-0.097125371941554101</k1>
          <k2>0.15660855691037964</k2>
          <k3>-0.045486606565300944</k3>
          <p1>-6.7595425854080507e-05</p1>
          <p2>0.00053463375115459346</p2>
        </calibration>
        <covariance>
          <params>f cx cy k1 k2 k3 p1 p2</params>
          <coeffs>3.4832202323547240e-01 3.5131901390625456e-03 -6.3665526311133145e-03 -4.8951618865736007e-05 2.0964379388285924e-04 -1.9022940178257074e-04 -1.0568707340652515e-07 4.3552424738798087e-07 3.5131901390625456e-03 6.4194544230345421e-03 -3.3758569344591441e-04 -8.3182858600735729e-07 5.2556463410928649e-06 -1.0007037577294757e-05 4.1130431032540613e-07 3.0025760652391986e-08 -6.3665526311133145e-03 -3.3758569344591441e-04 5.3773937558392560e-03 5.1159052738563043e-07 -1.5119079234034411e-06 -2.3242424844655603e-06 6.1544341160060568e-09 2.3075778612143125e-07 -4.8951618865736007e-05 -8.3182858600735729e-07 5.1159052738563043e-07 1.1318765801199635e-07 -7.9398150880497743e-07 1.6624821047691244e-06 1.9686388457413273e-11 -7.2772406027835200e-11 2.0964379388285924e-04 5.2556463410928649e-06 -1.5119079234034411e-06 -7.9398150880497743e-07 6.0704534667329454e-06 -1.3348863516978827e-05 -3.0727093022958891e-10 9.2128985744519858e-11 -1.9022940178257074e-04 -1.0007037577294757e-05 -2.3242424844655603e-06 1.6624821047691244e-06 -1.3348863516978827e-05 3.0492374262125664e-05 9.2562171172279990e-10 2.7668340092016509e-10 -1.0568707340652515e-07 4.1130431032540613e-07 6.1544341160060568e-09 1.9686388457413273e-11 -3.0727093022958891e-10 9.2562171172279990e-10 1.2573041462408651e-10 3.9801596849115936e-13 4.3552424738798087e-07 3.0025760652391986e-08 2.3075778612143125e-07 -7.2772406027835200e-11 9.2128985744519858e-11 2.7668340092016509e-10 3.9801596849115936e-13 1.1110735431550644e-10</coeffs>
        </covariance>
        <vignetting>
          <coeff i="0" j="0">0.0101518178213412</coeff>
          <coeff i="1" j="0">0.0072375182093592063</coeff>
          <coeff i="0" j="1">-0.00084003151951172832</coeff>
          <coeff i="2" j="0">-0.12178899222490625</coeff>
          <coeff i="0" j="2">-0.066577956211297987</coeff>
          <coeff i="3" j="0">0.019574488425551657</coeff>
          <coeff i="2" j="1">-0.0014873908924555176</coeff>
          <coeff i="1" j="2">0.0090223516935870104</coeff>
        </vignetting>
        <black_level>4.8000000000000000e+03</black_level>
        <sensitivity>5.4551283383124799e+04</sensitivity>
      </sensor>
      <sensor id="1" label="RedEdge, Green (5.5mm)" type="frame" master_id="0">
        <resolution width="1280" height="960"/>
        <property name="pixel_width" value="0.0037500001430511528"/>
        <property name="pixel_height" value="0.0037500001430511528"/>
        <property name="focal_length" value="5.5"/>
        <property name="normalize_sensitivity" value="true"/>
        <property name="layer_index" value="1"/>
        <bands>
          <band label="Green"/>
        </bands>
        <data_type>uint16</data_type>
        <calibration type="frame" class="initial">
          <resolution width="1280" height="960"/>
          <f>1448.6117194779663</f>
          <cx>0.13064224761966425</cx>
          <cy>1.7679816220092772</cy>
          <k1>-0.099853394948645285</k1>
          <k2>0.12814055725919396</k2>
          <k3>0.027116170604818454</k3>
          <p1>-0.00044939203563606534</p1>
          <p2>-0.00083784294911427978</p2>
        </calibration>
        <calibration type="frame" class="adjusted">
          <resolution width="1280" height="960"/>
          <f>1449.434098871465</f>
          <cx>-0.94445589427772536</cx>
          <cy>3.6666080458957131</cy>
          <k1>-0.09715184319200923</k1>
          <k2>0.12344809443637768</k2>
          <k3>0.031869315211171416</k3>
          <p1>-0.00043296044997784722</p1>
          <p2>-0.0008403216865153823</p2>
        </calibration>
        <rotation>9.9999444655280989e-01 -2.2737733330254264e-03 2.4365587146456548e-03 2.2884841356623675e-03 9.9997906876014286e-01 -6.0518494660288186e-03 -2.4227471805194451e-03 6.0573918833664803e-03 9.9997871892339318e-01</rotation>
        <rotation_covariance>9.0583773812846944e-10 -5.9410242220017119e-12 2.5552537012045573e-12 -5.9410242220017103e-12 1.6570163869726170e-09 -3.0791030975483488e-12 2.5552537012045577e-12 -3.0791030975483496e-12 5.5481513973797571e-12</rotation_covariance>
        <covariance>
          <params>f cx cy k1 k2 k3 p1 p2</params>
          <coeffs>3.4958788547348107e-01 5.1474788233651933e-03 -1.0604446597796819e-02 -4.9174860530091006e-05 1.7903366651617663e-04 -8.1432004758103852e-05 -2.4700378302397933e-07 2.3494078316032732e-07 5.1474788233651933e-03 6.4473712694615550e-03 -4.8964274256421280e-04 -8.8563548188731000e-07 3.3678751514012253e-06 -2.1547375736173597e-06 3.8432034957072745e-07 1.8270790515682414e-08 -1.0604446597796819e-02 -4.8964274256421280e-04 5.5465473567154885e-03 1.1834600525628035e-06 -3.5139633085490908e-06 -2.2913289458345772e-06 -3.2854641283550830e-09 2.0823984810336327e-07 -4.9174860530091006e-05 -8.8563548188731000e-07 1.1834600525628035e-06 1.1580835923190660e-07 -8.1282127801172630e-07 1.7076085399134172e-06 1.2455429040977582e-11 -6.5733210568637306e-11 1.7903366651617663e-04 3.3678751514012253e-06 -3.5139633085490908e-06 -8.1282127801172630e-07 6.2346871561063587e-06 -1.3784164963107089e-05 -8.4946752771729255e-11 8.0937451967353362e-11 -8.1432004758103852e-05 -2.1547375736173597e-06 -2.2913289458345772e-06 1.7076085399134172e-06 -1.3784164963107089e-05 3.1679181202706227e-05 7.5005047857068366e-11 1.4859483884463726e-11 -2.4700378302397933e-07 3.8432034957072745e-07 -3.2854641283550830e-09 1.2455429040977582e-11 -8.4946752771729255e-11 7.5005047857068366e-11 1.2099402939365958e-10 -2.4461107580468154e-12 2.3494078316032732e-07 1.8270790515682414e-08 2.0823984810336327e-07 -6.5733210568637306e-11 8.0937451967353362e-11 1.4859483884463726e-11 -2.4461107580468154e-12 1.0705101417001301e-10</coeffs>
        </covariance>
        <vignetting>
          <coeff i="0" j="0">-0.0006253558164566568</coeff>
          <coeff i="1" j="0">0.0060390076445133861</coeff>
          <coeff i="2" j="0">-0.14009768199058531</coeff>
          <coeff i="0" j="2">-0.080420787381059441</coeff>
          <coeff i="3" j="0">0.01510115229736394</coeff>
          <coeff i="2" j="1">-0.0006469663671276511</coeff>
          <coeff i="1" j="2">0.010766279209765597</coeff>
        </vignetting>
        <black_level>4.8000000000000000e+03</black_level>
        <sensitivity>5.6063480226450461e+04</sensitivity>
      </sensor>
      <sensor id="2" label="RedEdge, Red (5.5mm)" type="frame" master_id="0">
        <resolution width="1280" height="960"/>
        <property name="pixel_width" value="0.0037500001430511528"/>
        <property name="pixel_height" value="0.0037500001430511528"/>
        <property name="focal_length" value="5.5"/>
        <property name="normalize_sensitivity" value="true"/>
        <property name="layer_index" value="2"/>
        <bands>
          <band label="Red"/>
        </bands>
        <data_type>uint16</data_type>
        <calibration type="frame" class="initial">
          <resolution width="1280" height="960"/>
          <f>1446.4088641450764</f>
          <cx>-2.4026909890747112</cx>
          <cy>1.0106483175659136</cy>
          <k1>-0.10068379479640938</k1>
          <k2>0.13871436477731822</k2>
          <k3>-0.00037807912729399194</k3>
          <p1>0.00046767411309096537</p1>
          <p2>-0.00046645042691980418</p2>
        </calibration>
        <calibration type="frame" class="adjusted">
          <resolution width="1280" height="960"/>
          <f>1447.0377578816097</f>
          <cx>-1.6783555758715047</cx>
          <cy>1.7057911945703528</cy>
          <k1>-0.094590012287472977</k1>
          <k2>0.12792177082343367</k2>
          <k3>-0.010452416237503752</k3>
          <p1>0.0007581317665075059</p1>
          <p2>-0.00059375639811113897</p2>
        </calibration>
        <rotation>9.9995350253254578e-01 -1.1629710595368440e-03 9.5728925205555721e-03 1.1407126916936439e-03 9.9999663428553109e-01 2.3302772717882746e-03 -9.5755703459605105e-03 -2.3192489998022387e-03 9.9995146359042231e-01</rotation>
        <rotation_covariance>9.7233176979967063e-10 -3.1654054056994485e-11 6.5994545141782839e-12 -3.1654054056994479e-11 1.7916297184282689e-09 2.5891300003083153e-12 6.5994545141782823e-12 2.5891300003083157e-12 6.0134244318750064e-12</rotation_covariance>
        <covariance>
          <params>f cx cy k1 k2 k3 p1 p2</params>
          <coeffs>3.4852214627934675e-01 9.9670212143415475e-03 -4.8023377416054882e-03 -4.7908735460711683e-05 1.8195223272985612e-04 -1.3899658867926325e-04 -1.0966478458636913e-07 1.1313335392106799e-07 9.9670212143415475e-03 6.7586088961306941e-03 -4.4773157665852132e-04 -1.2680833214799430e-06 4.3120634640839352e-06 -2.0527946563105309e-06 4.0748688053297639e-07 2.1098983128393913e-08 -4.8023377416054882e-03 -4.4773157665852132e-04 5.3440934289690533e-03 4.4167611841884209e-07 -7.8911200587475054e-07 -2.8547358381867675e-06 -2.7997174541341138e-09 2.2444835120239670e-07 -4.7908735460711683e-05 -1.2680833214799430e-06 4.4167611841884209e-07 1.1819155271876587e-07 -8.3531304729961723e-07 1.7682109646190179e-06 4.1029482477569739e-11 -2.1803762007498042e-11 1.8195223272985612e-04 4.3120634640839352e-06 -7.8911200587475054e-07 -8.3531304729961723e-07 6.4408778944480509e-06 -1.4308924902334507e-05 -5.0735118969124725e-11 -8.6871682554623419e-11 -1.3899658867926325e-04 -2.0527946563105309e-06 -2.8547358381867675e-06 1.7682109646190179e-06 -1.4308924902334507e-05 3.2957222029502934e-05 -4.1619825512821642e-11 3.6101521795520386e-10 -1.0966478458636913e-07 4.0748688053297639e-07 -2.7997174541341138e-09 4.1029482477569739e-11 -5.0735118969124725e-11 -4.1619825512821642e-11 1.2610232578030798e-10 -1.3270033315442982e-12 1.1313335392106799e-07 2.1098983128393913e-08 2.2444835120239670e-07 -2.1803762007498042e-11 -8.6871682554623419e-11 3.6101521795520386e-10 -1.3270033315442982e-12 1.0877562585710789e-10</coeffs>
        </covariance>
        <vignetting>
          <coeff i="0" j="0">0.0019979093382030653</coeff>
          <coeff i="1" j="0">0.024714254766969132</coeff>
          <coeff i="2" j="0">-0.19356436428413121</coeff>
          <coeff i="0" j="2">-0.10825554138919012</coeff>
          <coeff i="3" j="0">0.020712537671902943</coeff>
          <coeff i="1" j="2">0.012523132762045057</coeff>
        </vignetting>
        <black_level>4.8000000000000000e+03</black_level>
        <sensitivity>2.8435892382435402e+04</sensitivity>
      </sensor>
      <sensor id="3" label="RedEdge, Red edge (5.5mm)" type="frame" master_id="0">
        <resolution width="1280" height="960"/>
        <property name="pixel_width" value="0.0037500001430511528"/>
        <property name="pixel_height" value="0.0037500001430511528"/>
        <property name="focal_length" value="5.5"/>
        <property name="normalize_sensitivity" value="true"/>
        <property name="layer_index" value="3"/>
        <bands>
          <band label="Red edge"/>
        </bands>
        <data_type>uint16</data_type>
        <calibration type="frame" class="initial">
          <resolution width="1280" height="960"/>
          <f>1447.8701241243236</f>
          <cx>14.909308350524816</cx>
          <cy>5.8053148013305629</cy>
          <k1>-0.10832512369046327</k1>
          <k2>0.17387847384466606</k2>
          <k3>-0.071310087142267692</k3>
          <p1>-9.4739084315562875e-05</p1>
          <p2>-0.0006805383349085093</p2>
        </calibration>
        <calibration type="frame" class="adjusted">
          <resolution width="1280" height="960"/>
          <f>1448.5287108192101</f>
          <cx>15.744947125209631</cx>
          <cy>7.3930597275283212</cy>
          <k1>-0.10460246671447174</k1>
          <k2>0.16390772974111142</k2>
          <k3>-0.050768560788348606</k3>
          <p1>2.4902950564622701e-05</p1>
          <p2>-0.0006631545421872659</p2>
        </calibration>
        <rotation>9.9999008247593946e-01 -4.0085338933158014e-03 1.9407745331799832e-03 4.0035471008230215e-03 9.9998869205326391e-01 2.5665884390693515e-03 -1.9510408437531681e-03 -2.5587930026110635e-03 9.9999482299559772e-01</rotation>
        <rotation_covariance>1.0432774566712221e-09 -2.0033069756652004e-12 3.7810738192561862e-12 -2.0033069756652000e-12 1.8810875991720838e-09 5.2463607517022762e-12 3.7810738192561862e-12 5.2463607517022778e-12 6.3761599993980368e-12</rotation_covariance>
        <covariance>
          <params>f cx cy k1 k2 k3 p1 p2</params>
          <coeffs>3.4940016678554775e-01 4.8664413034924612e-03 -4.7143367159688133e-03 -5.3524392251301458e-05 2.2383154990370942e-04 -2.1400864573900840e-04 -1.3244628537339930e-07 1.0397632754260997e-07 4.8664413034924612e-03 6.5787305640220015e-03 -3.9810192898530252e-04 -1.2315672845160619e-06 6.8038187555975194e-06 -1.1720591010949835e-05 4.0376151486747206e-07 1.3064550545494486e-08 -4.7143367159688133e-03 -3.9810192898530252e-04 5.3922689556605424e-03 4.4622898247821390e-07 -9.9587657525789433e-07 -2.7137165416553576e-06 -8.6509200562585752e-09 2.3378022997452176e-07 -5.3524392251301458e-05 -1.2315672845160619e-06 4.4622898247821390e-07 1.1857822661801273e-07 -8.2778573009225126e-07 1.7307971207692052e-06 -4.2014855285933658e-12 -2.1516858658148470e-11 2.2383154990370942e-04 6.8038187555975194e-06 -9.9587657525789433e-07 -8.2778573009225126e-07 6.3019421455647309e-06 -1.3846926848990390e-05 -1.5018632379301320e-10 -8.3578303246516657e-11 -2.1400864573900840e-04 -1.1720591010949835e-05 -2.7137165416553576e-06 1.7307971207692052e-06 -1.3846926848990390e-05 3.1601074992008661e-05 6.1467451573410083e-10 3.5916452997614380e-10 -1.3244628537339930e-07 4.0376151486747206e-07 -8.6509200562585752e-09 -4.2014855285933658e-12 -1.5018632379301320e-10 6.1467451573410083e-10 1.2493614634617635e-10 -2.5598372227222573e-12 1.0397632754260997e-07 1.3064550545494486e-08 2.3378022997452176e-07 -2.1516858658148470e-11 -8.3578303246516657e-11 3.5916452997614380e-10 -2.5598372227222573e-12 1.1289528836432789e-10</coeffs>
        </covariance>
        <vignetting>
          <coeff i="0" j="0">-0.0055912088920444638</coeff>
          <coeff i="1" j="0">0.038898266125550023</coeff>
          <coeff i="0" j="1">0.00074881018894867998</coeff>
          <coeff i="2" j="0">-0.25691522220572716</coeff>
          <coeff i="0" j="2">-0.14647284883891754</coeff>
          <coeff i="3" j="0">0.012494129054946608</coeff>
          <coeff i="1" j="2">0.00733996332348662</coeff>
        </vignetting>
        <black_level>4.8000000000000000e+03</black_level>
        <sensitivity>2.0022206456521373e+04</sensitivity>
      </sensor>
      <sensor id="4" label="RedEdge, NIR (5.5mm)" type="frame" master_id="0">
        <resolution width="1280" height="960"/>
        <property name="pixel_width" value="0.0037500001430511528"/>
        <property name="pixel_height" value="0.0037500001430511528"/>
        <property name="focal_length" value="5.5"/>
        <property name="normalize_sensitivity" value="true"/>
        <property name="layer_index" value="4"/>
        <bands>
          <band label="NIR"/>
        </bands>
        <data_type>uint16</data_type>
        <calibration type="frame" class="initial">
          <resolution width="1280" height="960"/>
          <f>1452.8316010109386</f>
          <cx>31.573307714843835</cx>
          <cy>3.2613148983764928</cy>
          <k1>-0.10940978346100595</k1>
          <k2>0.18952786401589442</k2>
          <k3>-0.12164487121273053</k3>
          <p1>-0.00015276972809030024</p1>
          <p2>-0.00024975995403213151</p2>
        </calibration>
        <calibration type="frame" class="adjusted">
          <resolution width="1280" height="960"/>
          <f>1453.5971367983445</f>
          <cx>30.839070054916512</cx>
          <cy>4.6818390616139114</cy>
          <k1>-0.10496436501419744</k1>
          <k2>0.16985021202109254</k2>
          <k3>-0.073552847871594385</k3>
          <p1>-3.6433378807927004e-05</p1>
          <p2>-0.000146603008467627</p2>
        </calibration>
        <rotation>9.9998102332420713e-01 -3.7566003782113985e-03 -4.8827190243396932e-03 3.7824644752261268e-03 9.9997880829356312e-01 5.2986721243171823e-03 4.8627105574853098e-03 -5.3170402843861937e-03 9.9997404122739653e-01</rotation>
        <rotation_covariance>1.4942667823596435e-09 2.8032696045826046e-11 1.6806149729053546e-12 2.8032696045826056e-11 2.3640363527555067e-09 8.0668190826003593e-12 1.6806149729053532e-12 8.0668190826003609e-12 8.6688465247659093e-12</rotation_covariance>
        <covariance>
          <params>f cx cy k1 k2 k3 p1 p2</params>
          <coeffs>3.5189536058943605e-01 8.5806420997335393e-05 -2.8750843311557426e-03 -5.3383010548060513e-05 2.2532737249468773e-04 -2.3375488008381344e-04 -5.3977010124452980e-08 1.6914078093085254e-07 8.5806420997335393e-05 6.9800744772988057e-03 -3.8172160374578954e-04 -7.8978690039034440e-07 5.8465461683588773e-06 -1.3431847199746804e-05 4.6475643205447530e-07 -2.5637106699996246e-10 -2.8750843311557426e-03 -3.8172160374578954e-04 5.8619904192267445e-03 3.1887985235697177e-07 -1.7423506716544100e-06 1.3995040912937638e-06 -2.0527972089127663e-08 3.4855765870500947e-07 -5.3383010548060513e-05 -7.8978690039034440e-07 3.1887985235697177e-07 1.1873579669362944e-07 -8.2684077897081270e-07 1.7272367602981697e-06 -3.7310448275585844e-11 -1.7154577225107994e-11 2.2532737249468773e-04 5.8465461683588773e-06 -1.7423506716544100e-06 -8.2684077897081270e-07 6.3179734785195633e-06 -1.3920839892434236e-05 -3.4111968789804041e-10 -1.1580927909405071e-10 -2.3375488008381344e-04 -1.3431847199746804e-05 1.3995040912937638e-06 1.7272367602981697e-06 -1.3920839892434236e-05 3.1966158958969087e-05 1.7523124883692768e-09 4.7495649567943817e-10 -5.3977010124452980e-08 4.6475643205447530e-07 -2.0527972089127663e-08 -3.7310448275585844e-11 -3.4111968789804041e-10 1.7523124883692768e-09 1.3977501627739667e-10 -4.6115191311994332e-12 1.6914078093085254e-07 -2.5637106699996246e-10 3.4855765870500947e-07 -1.7154577225107994e-11 -1.1580927909405071e-10 4.7495649567943817e-10 -4.6115191311994332e-12 1.4505473421431579e-10</coeffs>
        </covariance>
        <vignetting>
          <coeff i="0" j="0">-0.053946830824154197</coeff>
          <coeff i="1" j="0">0.072828110356019396</coeff>
          <coeff i="0" j="1">0.014975231480568037</coeff>
          <coeff i="2" j="0">-0.35250455163893302</coeff>
          <coeff i="0" j="2">-0.21584730798890775</coeff>
          <coeff i="3" j="0">-0.021406030585910979</coeff>
          <coeff i="0" j="3">-0.0059720459034515866</coeff>
          <coeff i="2" j="1">-0.0027776547832663373</coeff>
          <coeff i="1" j="2">-0.0035406865854027262</coeff>
        </vignetting>
        <black_level>4.8000000000000000e+03</black_level>
        <sensitivity>3.6705884884280116e+04</sensitivity>
      </sensor>
    </sensors>
    <components next_id="1" active_id="0">
      <component id="0" label="Component 1">
        <transform>
          <rotation locked="true">-1.6828505485144718e-01 -5.4672632745207617e-01 8.2022586107998940e-01 9.6065827482281840e-01 -2.7746721405454500e-01 1.2150067458897440e-02 2.2094302280925698e-01 7.9000143543893286e-01 5.7191075586697382e-01</rotation>
          <translation locked="true">4.9423808702849234e+06 -1.6662576918424567e+05 4.0158797202145867e+06</translation>
          <scale locked="true">4.6890811812816713e+00</scale>
        </transform>
        <region>
          <center>-4.9585041689165639e+00 -3.7624163706911915e+01 -1.4152317610557388e+01</center>
          <size>1.2210164680218574e+02 5.0882614927698874e+01 1.4745410242954360e+01</size>
          <R>-1.2596157805980002e-02 -9.9628955723895296e-01 8.5137858471645858e-02 9.9991765834013502e-01 -1.2759187711600971e-02 -1.3710100368587359e-03 2.4522129001955926e-03 8.5113578620284139e-02 9.9636823784499517e-01</R>
        </region>
        <partition>
          <camera_ids>5 25 65 140 155 160 185 190 225 260 265 275 440 490 575 615 620 710 725 810 830 835 860 945 980 985 990 1000 1005 1010 1015 1020 1025 1030 1035 1040 1045</camera_ids>
          <partition>
            <partition>
              <camera_ids>0 10 20 45 75 90 100 115 145 150 165 215 230 245 280 320 335 340 360 375 480 485 500 505 510 525 540 545 560 565 580 585 645 670 700 745 785 790 795 825 865 875 895 905 925 930 940 955 965 970 975</camera_ids>
            </partition>
            <partition>
              <camera_ids>15 55 80 130 170 175 180 200 210 300 305 310 345 385 390 395 410 450 460 495 570 595 655 685 720 765 805 820 870 890 920 950</camera_ids>
            </partition>
          </partition>
          <partition>
            <partition>
              <camera_ids>40 60 85 95 110 125 135 195 205 235 325 400 405 415 425 455 475 530 550 590 610 640 660 675 730 755 770 780 855 880 885 995</camera_ids>
            </partition>
            <partition>
              <camera_ids>30 50 70 105 220 250 285 290 295 315 350 365 370 430 435 445 465 470 515 520 535 555 635 680 690 695 705 740 750 760 775 800 840 900 915 960</camera_ids>
            </partition>
            <partition>
              <camera_ids>35 120 240 255 270 330 355 380 420 600 605 625 630 650 665 715 735 815 845 850 910 935</camera_ids>
            </partition>
          </partition>
        </partition>
      </component>
    </components>
    <cameras next_id="1050" next_group_id="1">
      <group id="0" label="Calibration images" type="folder">
        <camera id="575" sensor_id="0" label="IMG_0000_1" enabled="false">
          <orientation>1</orientation>
          <reference x="-1.9304545995924201" y="39.264901200400502" z="722.343994140625" enabled="false"/>
        </camera>
        <camera id="576" sensor_id="1" master_id="575" label="IMG_0000_2" enabled="false">
          <orientation>1</orientation>
        </camera>
        <camera id="577" sensor_id="2" master_id="575" label="IMG_0000_3" enabled="false">
          <orientation>1</orientation>
        </camera>
        <camera id="579" sensor_id="4" master_id="575" label="IMG_0000_4" enabled="false">
          <orientation>1</orientation>
        </camera>
        <camera id="578" sensor_id="3" master_id="575" label="IMG_0000_5" enabled="false">
          <orientation>1</orientation>
        </camera>
        <camera id="1015" sensor_id="0" label="IMG_0209_1" enabled="false">
          <orientation>1</orientation>
          <reference x="-1.93044589996338" y="39.264903999964403" z="722.385986328125" enabled="false"/>
        </camera>
        <camera id="1016" sensor_id="1" master_id="1015" label="IMG_0209_2" enabled="false">
          <orientation>1</orientation>
        </camera>
        <camera id="1017" sensor_id="2" master_id="1015" label="IMG_0209_3" enabled="false">
          <orientation>1</orientation>
        </camera>
        <camera id="1019" sensor_id="4" master_id="1015" label="IMG_0209_4" enabled="false">
          <orientation>1</orientation>
        </camera>
        <camera id="1018" sensor_id="3" master_id="1015" label="IMG_0209_5" enabled="false">
          <orientation>1</orientation>
        </camera>
      </group>
      <camera id="860" sensor_id="0" label="IMG_0001_1" enabled="false">
        <orientation>1</orientation>
        <reference x="-1.93038529925876" y="39.264960700141103" z="728.32800292968795" enabled="false"/>
      </camera>
      <camera id="861" sensor_id="1" master_id="860" label="IMG_0001_2" enabled="false">
        <orientation>1</orientation>
      </camera>
      <camera id="862" sensor_id="2" master_id="860" label="IMG_0001_3" enabled="false">
        <orientation>1</orientation>
      </camera>
      <camera id="864" sensor_id="4" master_id="860" label="IMG_0001_4" enabled="false">
        <orientation>1</orientation>
      </camera>
      <camera id="863" sensor_id="3" master_id="860" label="IMG_0001_5" enabled="false">
        <orientation>1</orientation>
      </camera>
      <camera id="615" sensor_id="0" label="IMG_0002_1" enabled="false">
        <orientation>1</orientation>
        <reference x="-1.93038679970635" y="39.264960600535098" z="728.31298828125" enabled="false"/>
      </camera>
      <camera id="616" sensor_id="1" master_id="615" label="IMG_0002_2" enabled="false">
        <orientation>1</orientation>
      </camera>
      <camera id="617" sensor_id="2" master_id="615" label="IMG_0002_3" enabled="false">
        <orientation>1</orientation>
      </camera>
      <camera id="619" sensor_id="4" master_id="615" label="IMG_0002_4" enabled="false">
        <orientation>1</orientation>
      </camera>
      <camera id="618" sensor_id="3" master_id="615" label="IMG_0002_5" enabled="false">
        <orientation>1</orientation>
      </camera>
      <camera id="225" sensor_id="0" label="IMG_0003_1" enabled="false">
        <orientation>1</orientation>
        <reference x="-1.93038529925876" y="39.264963999854203" z="728.29998779296898" enabled="false"/>
      </camera>
      <camera id="226" sensor_id="1" master_id="225" label="IMG_0003_2" enabled="false">
        <orientation>1</orientation>
      </camera>
      <camera id="227" sensor_id="2" master_id="225" label="IMG_0003_3" enabled="false">
        <orientation>1</orientation>
      </camera>
      <camera id="229" sensor_id="4" master_id="225" label="IMG_0003_4" enabled="false">
        <orientation>1</orientation>
      </camera>
      <camera id="228" sensor_id="3" master_id="225" label="IMG_0003_5" enabled="false">
        <orientation>1</orientation>
      </camera>
      <camera id="65" sensor_id="0" label="IMG_0004_1" enabled="false">
        <orientation>1</orientation>
        <reference x="-1.93038340038723" y="39.264963999854203" z="728.0830078125" enabled="false"/>
      </camera>
      <camera id="66" sensor_id="1" master_id="65" label="IMG_0004_2" enabled="false">
        <orientation>1</orientation>
      </camera>
      <camera id="67" sensor_id="2" master_id="65" label="IMG_0004_3" enabled="false">
        <orientation>1</orientation>
      </camera>
      <camera id="69" sensor_id="4" master_id="65" label="IMG_0004_4" enabled="false">
        <orientation>1</orientation>
      </camera>
      <camera id="68" sensor_id="3" master_id="65" label="IMG_0004_5" enabled="false">
        <orientation>1</orientation>
      </camera>
      <camera id="990" sensor_id="0" label="IMG_0005_1" enabled="false">
        <orientation>1</orientation>
        <reference x="-1.93038839975993" y="39.264963900248198" z="727.56701660156205" enabled="false"/>
      </camera>
      <camera id="991" sensor_id="1" master_id="990" label="IMG_0005_2" enabled="false">
        <orientation>1</orientation>
      </camera>
      <camera id="992" sensor_id="2" master_id="990" label="IMG_0005_3" enabled="false">
        <orientation>1</orientation>
      </camera>
      <camera id="994" sensor_id="4" master_id="990" label="IMG_0005_4" enabled="false">
        <orientation>1</orientation>
      </camera>
      <camera id="993" sensor_id="3" master_id="990" label="IMG_0005_5" enabled="false">
        <orientation>1</orientation>
      </camera>
      <camera id="260" sensor_id="0" label="IMG_0006_1" enabled="false">
        <orientation>1</orientation>
        <reference x="-1.9303855005900099" y="39.264962300194597" z="727.23199462890602" enabled="false"/>
      </camera>
      <camera id="261" sensor_id="1" master_id="260" label="IMG_0006_2" enabled="false">
        <orientation>1</orientation>
      </camera>
      <camera id="262" sensor_id="2" master_id="260" label="IMG_0006_3" enabled="false">
        <orientation>1</orientation>
      </camera>
      <camera id="264" sensor_id="4" master_id="260" label="IMG_0006_4" enabled="false">
        <orientation>1</orientation>
      </camera>
      <camera id="263" sensor_id="3" master_id="260" label="IMG_0006_5" enabled="false">
        <orientation>1</orientation>
      </camera>
      <camera id="25" sensor_id="0" label="IMG_0007_1" enabled="false">
        <orientation>1</orientation>
        <reference x="-1.9303794002532999" y="39.264957900577102" z="727.24499511718795" enabled="false"/>
      </camera>
      <camera id="26" sensor_id="1" master_id="25" label="IMG_0007_2" enabled="false">
        <orientation>1</orientation>
      </camera>
      <camera id="27" sensor_id="2" master_id="25" label="IMG_0007_3" enabled="false">
        <orientation>1</orientation>
      </camera>
      <camera id="29" sensor_id="4" master_id="25" label="IMG_0007_4" enabled="false">
        <orientation>1</orientation>
      </camera>
      <camera id="28" sensor_id="3" master_id="25" label="IMG_0007_5" enabled="false">
        <orientation>1</orientation>
      </camera>
      <camera id="490" sensor_id="0" label="IMG_0008_1" enabled="false">
        <orientation>1</orientation>
        <reference x="-1.93038119951884" y="39.264959800508301" z="727.29998779296898" enabled="false"/>
      </camera>
      <camera id="491" sensor_id="1" master_id="490" label="IMG_0008_2" enabled="false">
        <orientation>1</orientation>
      </camera>
      <camera id="492" sensor_id="2" master_id="490" label="IMG_0008_3" enabled="false">
        <orientation>1</orientation>
      </camera>
      <camera id="494" sensor_id="4" master_id="490" label="IMG_0008_4" enabled="false">
        <orientation>1</orientation>
      </camera>
      <camera id="493" sensor_id="3" master_id="490" label="IMG_0008_5" enabled="false">
        <orientation>1</orientation>
      </camera>
      <camera id="155" sensor_id="0" label="IMG_0009_1" enabled="false">
        <orientation>1</orientation>
        <reference x="-1.93038599967957" y="39.264963399039402" z="729.79699707031205" enabled="false"/>
      </camera>
      <camera id="156" sensor_id="1" master_id="155" label="IMG_0009_2" enabled="false">
        <orientation>1</orientation>
      </camera>
      <camera id="157" sensor_id="2" master_id="155" label="IMG_0009_3" enabled="false">
        <orientation>1</orientation>
      </camera>
      <camera id="159" sensor_id="4" master_id="155" label="IMG_0009_4" enabled="false">
        <orientation>1</orientation>
      </camera>
      <camera id="158" sensor_id="3" master_id="155" label="IMG_0009_5" enabled="false">
        <orientation>1</orientation>
      </camera>
      <camera id="985" sensor_id="0" label="IMG_0010_1" enabled="false">
        <orientation>1</orientation>
        <reference x="-1.9303872002495699" y="39.264969400829699" z="734.59100341796898" enabled="false"/>
      </camera>
      <camera id="986" sensor_id="1" master_id="985" label="IMG_0010_2" enabled="false">
        <orientation>1</orientation>
      </camera>
      <camera id="987" sensor_id="2" master_id="985" label="IMG_0010_3" enabled="false">
        <orientation>1</orientation>
      </camera>
      <camera id="989" sensor_id="4" master_id="985" label="IMG_0010_4" enabled="false">
        <orientation>1</orientation>
      </camera>
      <camera id="988" sensor_id="3" master_id="985" label="IMG_0010_5" enabled="false">
        <orientation>1</orientation>
      </camera>
      <camera id="725" sensor_id="0" label="IMG_0011_1" enabled="false">
        <orientation>1</orientation>
        <reference x="-1.9303926001654701" y="39.264945999781297" z="738.95501708984398" enabled="false"/>
      </camera>
      <camera id="726" sensor_id="1" master_id="725" label="IMG_0011_2" enabled="false">
        <orientation>1</orientation>
      </camera>
      <camera id="727" sensor_id="2" master_id="725" label="IMG_0011_3" enabled="false">
        <orientation>1</orientation>
      </camera>
      <camera id="729" sensor_id="4" master_id="725" label="IMG_0011_4" enabled="false">
        <orientation>1</orientation>
      </camera>
      <camera id="728" sensor_id="3" master_id="725" label="IMG_0011_5" enabled="false">
        <orientation>1</orientation>
      </camera>
      <camera id="620" sensor_id="0" label="IMG_0012_1" enabled="false">
        <orientation>1</orientation>
        <reference x="-1.9304254002041299" y="39.2649120002323" z="745.16101074218795" enabled="false"/>
      </camera>
      <camera id="621" sensor_id="1" master_id="620" label="IMG_0012_2" enabled="false">
        <orientation>1</orientation>
      </camera>
      <camera id="622" sensor_id="2" master_id="620" label="IMG_0012_3" enabled="false">
        <orientation>1</orientation>
      </camera>
      <camera id="624" sensor_id="4" master_id="620" label="IMG_0012_4" enabled="false">
        <orientation>1</orientation>
      </camera>
      <camera id="623" sensor_id="3" master_id="620" label="IMG_0012_5" enabled="false">
        <orientation>1</orientation>
      </camera>
      <camera id="810" sensor_id="0" label="IMG_0013_1" enabled="false">
        <orientation>1</orientation>
        <reference x="-1.9304719003041599" y="39.2648711999257" z="751.23101806640602" enabled="false"/>
      </camera>
      <camera id="811" sensor_id="1" master_id="810" label="IMG_0013_2" enabled="false">
        <orientation>1</orientation>
      </camera>
      <camera id="812" sensor_id="2" master_id="810" label="IMG_0013_3" enabled="false">
        <orientation>1</orientation>
      </camera>
      <camera id="814" sensor_id="4" master_id="810" label="IMG_0013_4" enabled="false">
        <orientation>1</orientation>
      </camera>
      <camera id="813" sensor_id="3" master_id="810" label="IMG_0013_5" enabled="false">
        <orientation>1</orientation>
      </camera>
      <camera id="835" sensor_id="0" label="IMG_0014_1" enabled="false">
        <orientation>1</orientation>
        <reference x="-1.9304919009738499" y="39.2648238001929" z="757.48297119140602" enabled="false"/>
      </camera>
      <camera id="836" sensor_id="1" master_id="835" label="IMG_0014_2" enabled="false">
        <orientation>1</orientation>
      </camera>
      <camera id="837" sensor_id="2" master_id="835" label="IMG_0014_3" enabled="false">
        <orientation>1</orientation>
      </camera>
      <camera id="839" sensor_id="4" master_id="835" label="IMG_0014_4" enabled="false">
        <orientation>1</orientation>
      </camera>
      <camera id="838" sensor_id="3" master_id="835" label="IMG_0014_5" enabled="false">
        <orientation>1</orientation>
      </camera>
      <camera id="945" sensor_id="0" label="IMG_0015_1" enabled="false">
        <orientation>1</orientation>
        <reference x="-1.9305156993865999" y="39.2647860993279" z="763.45001220703102" enabled="false"/>
      </camera>
      <camera id="946" sensor_id="1" master_id="945" label="IMG_0015_2" enabled="false">
        <orientation>1</orientation>
      </camera>
      <camera id="947" sensor_id="2" master_id="945" label="IMG_0015_3" enabled="false">
        <orientation>1</orientation>
      </camera>
      <camera id="949" sensor_id="4" master_id="945" label="IMG_0015_4" enabled="false">
        <orientation>1</orientation>
      </camera>
      <camera id="948" sensor_id="3" master_id="945" label="IMG_0015_5" enabled="false">
        <orientation>1</orientation>
      </camera>
      <camera id="265" sensor_id="0" label="IMG_0016_1" enabled="false">
        <orientation>1</orientation>
        <reference x="-1.93053899976942" y="39.264755599763703" z="769.49499511718795" enabled="false"/>
      </camera>
      <camera id="266" sensor_id="1" master_id="265" label="IMG_0016_2" enabled="false">
        <orientation>1</orientation>
      </camera>
      <camera id="267" sensor_id="2" master_id="265" label="IMG_0016_3" enabled="false">
        <orientation>1</orientation>
      </camera>
      <camera id="269" sensor_id="4" master_id="265" label="IMG_0016_4" enabled="false">
        <orientation>1</orientation>
      </camera>
      <camera id="268" sensor_id="3" master_id="265" label="IMG_0016_5" enabled="false">
        <orientation>1</orientation>
      </camera>
      <camera id="710" sensor_id="0" label="IMG_0017_1" enabled="false">
        <orientation>1</orientation>
        <reference x="-1.93056660016378" y="39.264722300635398" z="776.385986328125" enabled="false"/>
      </camera>
      <camera id="711" sensor_id="1" master_id="710" label="IMG_0017_2" enabled="false">
        <orientation>1</orientation>
      </camera>
      <camera id="712" sensor_id="2" master_id="710" label="IMG_0017_3" enabled="false">
        <orientation>1</orientation>
      </camera>
      <camera id="714" sensor_id="4" master_id="710" label="IMG_0017_4" enabled="false">
        <orientation>1</orientation>
      </camera>
      <camera id="713" sensor_id="3" master_id="710" label="IMG_0017_5" enabled="false">
        <orientation>1</orientation>
      </camera>
      <camera id="190" sensor_id="0" label="IMG_0018_1" enabled="false">
        <orientation>1</orientation>
        <reference x="-1.9305932002597399" y="39.2646924993727" z="781.98199462890602" enabled="false"/>
      </camera>
      <camera id="191" sensor_id="1" master_id="190" label="IMG_0018_2" enabled="false">
        <orientation>1</orientation>
      </camera>
      <camera id="192" sensor_id="2" master_id="190" label="IMG_0018_3" enabled="false">
        <orientation>1</orientation>
      </camera>
      <camera id="194" sensor_id="4" master_id="190" label="IMG_0018_4" enabled="false">
        <orientation>1</orientation>
      </camera>
      <camera id="193" sensor_id="3" master_id="190" label="IMG_0018_5" enabled="false">
        <orientation>1</orientation>
      </camera>
      <camera id="830" sensor_id="0" label="IMG_0019_1" enabled="false">
        <orientation>1</orientation>
        <reference x="-1.9306219005584699" y="39.2646515009138" z="788.74499511718795" enabled="false"/>
      </camera>
      <camera id="831" sensor_id="1" master_id="830" label="IMG_0019_2" enabled="false">
        <orientation>1</orientation>
      </camera>
      <camera id="832" sensor_id="2" master_id="830" label="IMG_0019_3" enabled="false">
        <orientation>1</orientation>
      </camera>
      <camera id="834" sensor_id="4" master_id="830" label="IMG_0019_4" enabled="false">
        <orientation>1</orientation>
      </camera>
      <camera id="833" sensor_id="3" master_id="830" label="IMG_0019_5" enabled="false">
        <orientation>1</orientation>
      </camera>
      <camera id="185" sensor_id="0" label="IMG_0020_1" enabled="false">
        <orientation>1</orientation>
